21.010617 105.8251515
21.010572 105.825249
21.0108828 105.8252977
21.0098933 105.8232193
21.0098241 105.8231674
21.0098628 105.8232738
21.0101223 105.8228879
21.0105177 105.8224489
21.0104585 105.8223961
21.0105363 105.8224293
21.010206 105.8227787
21.0088234 105.82426
21.0089408 105.8243268
21.0064882 105.8316381
21.0067649 105.8319964
21.0115123 105.8307084
21.0115498 105.8306407
21.0113157 105.831076
21.0122096 105.8292725
21.0123177 105.8293299
21.0122 105.8293929
21.0124024 105.8287822
21.0141513 105.8303413
21.0141004 105.8303938
21.0143225 105.8302969
21.0138592 105.8302039
21.0110954 105.8307755
21.0109727 105.8307524
21.0113408 105.8311111
21.0165348 105.8232227
21.0164777 105.8230022
21.0153372 105.8249449
21.0148615 105.8246318
21.0154254 105.8247856
21.0158243 105.8240585
21.0159604 105.8238137
21.0153101 105.8237853
21.0160821 105.8241963
21.0155657 105.8245191
21.0162435 105.8233767
21.0163032 105.8233283
21.0162007 105.8234141
21.0164074 105.8232829
21.0162468 105.8231509
21.016205 105.8229021
21.0158874 105.8229123
21.0120825 105.8211088
21.0120968 105.8211255
21.0105372 105.8329664
21.010759 105.8327554
21.0098374 105.8321006
21.0107383 105.8332158
21.0116755 105.828461
21.0118709 105.8282054
21.0116114 105.8285744
21.0121897 105.8287519
21.0114415 105.82806
21.0111623 105.8277266
21.0110523 105.8277727
21.0112669 105.8269621
21.0108629 105.8279393
21.0104577 105.8277159
21.0103095 105.8279786
21.0136282 105.8316858
21.0136804 105.8316369
21.0140255 105.831844
21.0149813 105.8324805
21.0141156 105.8318834
21.0098562 105.8268471
21.0100146 105.8264992
21.0105923 105.8272216
21.0096128 105.8273767
21.0103607 105.8257409
21.0101329 105.8262413
21.011869 105.8317114
21.0117997 105.8317775
21.0120159 105.8318934
21.0176954 105.8273287
21.0170785 105.8270342
21.0174387 105.8278885
21.016921 105.8275746
21.0150273 105.8278801
21.0150609 105.8278134
21.0151041 105.8279262
21.015008 105.8279176
21.0142191 105.8293572
21.0144432 105.8289942
21.0158818 105.822295
21.0156003 105.8222997
21.0156063 105.8229104
21.0156854 105.8236371
21.0154539 105.8234901
21.0156031 105.8225966
21.0148374 105.8224295
21.0151029 105.822607
21.0152299 105.822924
21.0155802 105.823228
21.0150181 105.8230913
21.0150116 105.8235899
21.015075 105.8242042
21.014678 105.8239332
21.0145524 105.8251467
21.0144222 105.8253872
21.0146704 105.8249448
21.0151849 105.8229349
21.0147845 105.8233081
21.014417 105.8236237
21.0142527 105.8234184
21.0145551 105.8238018
21.0140508 105.8239701
21.0135345 105.8225238
21.0131538 105.822827
21.0138304 105.8228833
21.0151994 105.8203056
21.015827 105.8247025
21.0175813 105.8257516
21.0171711 105.8255206
21.0165492 105.8251477
21.0164123 105.825414
21.0163551 105.8250321
21.0166618 105.8252152
21.0168577 105.8246077
21.0165139 105.8246851
21.0161635 105.8249146
21.0159715 105.8244025
21.016938 105.8244344
21.0166174 105.8244825
21.0164709 105.8244042
21.0162848 105.8243047
21.0167318 105.8239015
21.016547 105.8237776
21.0163632 105.8236173
21.0163781 105.823586
21.0165631 105.8237429
21.0162512 105.8234658
21.0167517 105.8238652
21.0169649 105.8239816
21.008788 105.8316582
21.008917 105.8316035
21.0088046 105.8317051
21.0086119 105.8317529
21.0154698 105.83134
21.0155147 105.8312906
21.0152889 105.8315389
21.0153295 105.8312352
21.0162756 105.830553
21.0163359 105.830518
21.0161883 105.8306092
21.0158421 105.8300049
21.0170993 105.8309465
21.0166584 105.8314786
21.0160241 105.8251677
21.015693 105.8257648
21.0155161 105.8261041
21.0158078 105.8255605
21.0159631 105.8257885
21.0149613 105.825094
21.015934 105.8263639
21.0149019 105.8257945
21.0162757 105.8256894
21.0163911 105.8257523
21.0162339 105.8265442
21.016563 105.8258591
21.0167881 105.8259813
21.0164863 105.8258067
21.0163859 105.8262622
21.01633 105.8266047
21.0169095 105.8269464
21.0170074 105.8272054
21.016959 105.8290405
21.0172366 105.8291997
21.0169433 105.8290785
21.0175108 105.8293644
21.0174882 105.8294016
21.0074656 105.8286267
21.0075074 105.8286481
21.0077298 105.8280274
21.0091472 105.8248463
21.0092349 105.8246237
21.0092517 105.8242748
21.0090127 105.8241564
21.0091334 105.8244253
21.0065914 105.8306082
21.0066338 105.8306314
21.0070673 105.8295224
21.0089148 105.824108
21.0085522 105.8239207
21.0106684 105.8250728
21.0107629 105.8250128
21.0104696 105.8249685
21.0134918 105.8268687
21.0134586 105.8269306
21.0133965 105.8268116
21.0067615 105.8231971
21.0078515 105.8237318
21.0066136 105.8232285
21.0092908 105.8244986
21.0093907 105.8243473
21.0095161 105.8246137
21.0073434 105.8288975
21.0132502 105.8298502
21.0133622 105.8296356
21.0129873 105.8297035
21.0146343 105.8312371
21.0146231 105.8312051
21.0151404 105.8316914
21.0150825 105.8277728
21.0149933 105.8277726
21.0158727 105.8309147
21.0160459 105.8307418
21.0157384 105.831054
21.0159716 105.8310399
21.0168256 105.8304965
21.016515 105.8307025
21.0171694 105.8307041
21.0075279 105.8327433
21.0080794 105.8322228
21.0150579 105.8317757
21.0152558 105.8318028
21.0148253 105.8330669
21.0149681 105.8318701
21.0120535 105.8283201
21.012103 105.8278627
21.0125027 105.8285938
21.0126014 105.8284289
21.0124862 105.8286264
21.016637 105.8279999
21.0164168 105.8278825
21.016742 105.8277655
21.0171977 105.8283546
21.0152724 105.8274129
21.0148215 105.827173
21.0151939 105.8266709
21.0158218 105.8275652
21.016548 105.8267334
21.0162535 105.8267446
21.0158955 105.8274258
21.0161977 105.8277656
21.0094523 105.8242549
21.0080473 105.8238278
21.0082462 105.8238515
21.0080557 105.8236974
21.0102866 105.8249263
21.0104207 105.8250477
21.0109781 105.8298128
21.0111987 105.8293725
21.0109182 105.8299231
21.0117255 105.8302239
21.0104763 105.8295066
21.005017 105.8260116
21.0073278 105.8287027
21.0070551 105.8293063
21.0072843 105.8286808
21.008971 105.8247865
21.0087416 105.825574
21.0068632 105.8297112
21.0068059 105.8296839
21.0064426 105.830619
21.0080031 105.8272261
21.0076605 105.8279926
21.0079576 105.827198
21.0086668 105.8257309
21.0086323 105.8257129
21.0085341 105.8260333
21.0090573 105.8245318
21.0094475 105.8239568
21.009319 105.824179
21.0097478 105.8245423
21.0096285 105.8244721
21.0095664 105.8239771
21.0098098 105.8233913
21.016992 105.8289753
21.0169438 105.8289464
21.0173724 105.8262941
21.0171879 105.8262016
21.0169742 105.8266142
21.0167857 105.8264975
21.0168242 105.8268983
21.0169965 105.8260944
21.0165817 105.8263724
21.0169099 105.8260462
21.0117626 105.8302453
21.012176 105.8294581
21.0090684 105.8324531
21.0089003 105.8319296
21.0102199 105.8337232
21.0103229 105.8310199
21.0101008 105.8311112
21.0105574 105.8309251
21.0103347 105.8310496
21.0096442 105.8316061
21.0100899 105.8320008
21.0103625 105.8318945
21.0101143 105.8311515
21.010338 105.8310589
21.0100044 105.8311532
21.0095462 105.8313437
21.0090824 105.8315328
21.0098211 105.8312331
21.0095607 105.8313846
21.0098338 105.8312695
21.0095549 105.8221391
21.0092816 105.8224859
21.0079298 105.8236303
21.0079681 105.823562
21.0074851 105.8233952
21.0087462 105.8227721
21.0089578 105.8226353
21.0083618 105.823106
21.0082661 105.8226513
21.0091892 105.8226295
21.0104184 105.8194013
21.0066491 105.8228831
21.0103259 105.8248506
21.0103577 105.8248023
21.0106809 105.8243111
21.0108334 105.8242174
21.0103444 105.8240877
21.010469 105.8238769
21.0115405 105.8237605
21.0120484 105.8231836
21.0118537 105.8234105
21.0164392 105.8233386
21.0171907 105.8238769
21.0171092 105.8240572
21.0200118 105.8253623
21.0152392 105.8202578
21.0170539 105.8241839
21.0161175 105.8270042
21.0160754 105.8270847
21.0161917 105.8268627
21.0169234 105.8273771
21.0066213 105.8229571
21.0063568 105.8228359
21.0143674 105.8243162
21.0147424 105.824867
21.0145482 105.8248703
21.0098276 105.8303068
21.0098649 105.8303255
21.0093603 105.829924
21.0082426 105.8313169
21.0095601 105.8294894
21.0088774 105.8298192
21.0085784 105.8284342
21.0085265 105.8284074
21.0085377 105.828495
21.0094222 105.8286471
21.0082453 105.8282609
21.0082146 105.8283309
21.0097202 105.8282388
21.0078308 105.8280752
21.0084721 105.8284605
21.0077733 105.8280466
21.0080894 105.8271943
21.0091417 105.8292759
21.0143481 105.8341558
21.0166199 105.831832
21.0113952 105.8275542
21.0116105 105.8271557
21.0167207 105.8317099
21.0128965 105.8279472
21.0130016 105.8277662
21.0128676 105.8279978
21.0128161 105.8278904
21.0143497 105.8284058
21.0141381 105.8287986
21.0146561 105.8285669
21.0144022 105.8283055
21.0119486 105.831962
21.0124752 105.8323737
21.007414 105.8224315
21.007256 105.8231442
21.0072023 105.8232526
21.0072424 105.823168
21.0121658 105.8274791
21.0117875 105.8271175
21.0175367 105.8292934
21.0125946 105.8263259
21.0126157 105.8262786
21.0123389 105.8261641
21.0159617 105.8273004
21.0088262 105.8298336
21.0089065 105.8297661
21.0077502 105.8315973
21.0073421 105.831849
21.0081734 105.8308448
21.0075176 105.8314267
21.0070219 105.8320781
21.0070868 105.8320342
21.0065963 105.8315376
21.007164 105.8322742
21.0072269 105.8322112
21.0085793 105.8317177
21.0080292 105.831663
21.0138554 105.8271703
21.0133393 105.827148
21.0061964 105.828121
21.0065359 105.8282932
21.0068953 105.8266292
21.0045071 105.8274316
21.0071586 105.8267696
21.0071137 105.8261182
21.0074179 105.8269103
21.0072376 105.8265905
21.0056371 105.8226959
21.0139666 105.8223993
21.0141409 105.8225836
21.0145686 105.8225877
21.0143628 105.8240093
21.0140842 105.8237725
21.0138572 105.8234644
21.0132562 105.8239442
21.0141081 105.8232433
21.0136334 105.8243647
21.0123861 105.8251214
21.0141689 105.8265263
21.014039 105.8268207
21.014474 105.8260975
21.014063 105.8260868
21.0139583 105.8270935
21.0136222 105.8265638
21.0139395 105.8271365
21.0162202 105.8252963
21.0158111 105.8250317
21.0142623 105.8245233
21.0142219 105.8241776
21.0142066 105.8246319
21.0151113 105.8266216
21.015221 105.8264279
21.0166077 105.831423
21.0144231 105.8302618
21.0144188 105.8297403
21.0160777 105.8314161
21.0156628 105.8311308
21.014924 105.8304298
21.0146863 105.8311028
21.014552 105.8306362
21.0149456 105.8310897
21.0135822 105.8288915
21.0119258 105.8242705
21.0113735 105.8244837
21.0119573 105.8239175
21.0126185 105.8269948
21.0128179 105.8265868
21.0128356 105.8265514
21.0130651 105.8266951
21.014277 105.8252907
21.0145804 105.8254865
21.0140166 105.8251727
21.0138739 105.825052
21.0140144 105.8240045
21.0137304 105.8248489
21.0136591 105.8243404
21.0128235 105.8280667
21.0132379 105.8282411
21.0133356 105.8279724
21.0131398 105.8287588
21.0132328 105.8291094
21.0122336 105.8279349
21.0126686 105.8283165
21.0129488 105.8261597
21.0128079 105.8263999
21.0127857 105.8264424
21.0122203 105.8254522
21.0119804 105.8258796
21.0125865 105.8256881
21.0120033 105.8253096
21.0119543 105.8259248
21.0112777 105.8254518
21.0126032 105.8233114
21.0122391 105.8228718
21.0128173 105.8224529
21.0117687 105.8223344
21.0122036 105.8223147
21.0099181 105.8254496
21.0099377 105.8254081
21.0097281 105.8253456
21.0099685 105.8256289
21.0101564 105.8249485
21.0100484 105.8251737
21.0100041 105.828031
21.0101485 105.8278901
21.0103857 105.8276719
21.0105304 105.8267893
21.0101134 105.8262863
21.0096771 105.8266614
21.009912 105.8261278
21.0093927 105.8272751
21.0094606 105.8259013
21.0097719 105.8260595
21.009588 105.8255952
21.0086508 105.8269134
21.0088159 105.8272768
21.0090465 105.8234185
21.0085877 105.8238687
21.008515 105.8217656
21.0105233 105.8273871
21.010257 105.8228339
21.0099026 105.8308864
21.0099897 105.8311146
21.0083554 105.8319822
21.0087175 105.8310973
21.0089007 105.8315587
21.0091205 105.8282301
21.0083226 105.8320118
21.0083832 105.8320154
21.0079401 105.8301877
21.0067505 105.8306871
21.0070522 105.8308476
21.0080413 105.8289211
21.0077681 105.828788
21.0064569 105.8288415
21.0069446 105.8286077
21.0069848 105.8285248
21.00747 105.8258888
21.008114 105.8263884
21.008278 105.8260661
21.0078241 105.8237998
21.0065728 105.825695
21.0068061 105.8251827
21.0071108 105.8253325
21.0067908 105.8263667
21.0072268 105.825075
21.0069742 105.8252653
21.0073307 105.8248443
21.0071992 105.8247758
21.007384 105.8289185
21.0076317 105.8228606
21.0075112 105.8233247
21.0112402 105.825529
21.0113449 105.8256022
21.0108807 105.8257732
21.0110096 105.8254418
21.0096805 105.824699
21.0097896 105.8247576
21.0142179 105.8273924
21.014198 105.827427
21.0149552 105.8278367
21.0110281 105.8253888
21.0123573 105.8261185
21.0147142 105.8225158
21.0166138 105.8284186
21.0164972 105.8286264
21.0164755 105.8286659
21.0151389 105.8278604
21.0140671 105.8235831
21.0146911 105.8231126
21.0129849 105.8268489
21.0130488 105.8267263
21.013363 105.8268746
21.0112198 105.8258703
21.0113235 105.8256481
21.0124958 105.8263454
21.0115675 105.8214795
21.0107624 105.8222015
21.0084341 105.8264393
21.0080286 105.8271671
21.0083225 105.8265004
21.0082836 105.8264811
21.0069778 105.8294801
21.006939 105.8296986
21.0198656 105.8251233
21.0181278 105.8242123
21.015375 105.8200999
21.0163297 105.8230077
21.0156423 105.8206455
21.0064689 105.8313711
21.018684 105.8302347
21.0187503 105.8301359
21.0122971 105.8281158
21.0127431 105.8281936
21.0127847 105.8287936
21.0127137 105.8289628
21.0131766 105.8293308
21.0139811 105.8299506
21.0145193 105.8305854
21.0154432 105.829972
21.0164789 105.8299667
21.0087241 105.8309121
21.0088083 105.8310124
21.0090677 105.8314915
21.0080936 105.8317254
21.0082958 105.8319789
21.0079133 105.8320054
21.0080574 105.8321944
21.0165588 105.8232619
21.0102571 105.8236706
21.0099307 105.8233421
21.0099283 105.822634
21.0097606 105.8228236
21.0100735 105.8228205
21.0098557 105.8220766
21.0114014 105.8264038
21.0124777 105.8263824
21.0127067 105.8264707
21.0107529 105.8255911
21.0108606 105.8253496
21.0125919 105.8267069
21.0126876 105.8265101
21.0154437 105.8281297
21.0156312 105.8253781
21.011735 105.8236559
21.0120323 105.8228721
21.0116889 105.8225099
21.0121423 105.8227374
21.0115311 105.822679
21.0116554 105.8230736
21.0117818 105.8229195
21.0079009 105.8219808
21.0080048 105.822159
21.008179 105.8232722
21.0080912 105.8226219
21.0156293 105.8292612
21.0157702 105.8289602
21.015249 105.8285207
21.0154423 105.829793
21.0149147 105.8293441
21.0146953 105.8291852
21.0150553 105.8294486
21.0154256 105.8281654
21.0159089 105.8284089
21.0153108 105.8295345
21.0149619 105.8297094
21.0144495 105.829394
21.0164561 105.8298036
21.0160814 105.8285136
21.0160499 105.8285555
21.0169093 105.8290108
21.0164712 105.8297015
21.0090249 105.829522
21.0086061 105.8293194
21.0099319 105.825711
21.0098565 105.8258769
21.0096446 105.8254652
21.0098296 105.8259403
21.0161283 105.8321379
21.0160792 105.8320881
21.015867 105.832419
21.0160211 105.83182
21.0158415 105.8316356
21.0157004 105.8314883
21.011927 105.8319815
21.0123862 105.8330949
21.0073332 105.8313403
21.0156163 105.8318946
21.0154946 105.8320348
21.0158216 105.8323689
21.014199 105.834042
21.0154207 105.8318051
21.0162305 105.8320175
21.0178562 105.8247559
21.0169357 105.8251467
21.0171534 105.8243767
21.0170879 105.8245176
21.0073167 105.8306102
21.0076572 105.8241692
21.0082006 105.8256555
21.0070093 105.8292805
21.0063279 105.8289143
21.0045113 105.8286385
21.0094711 105.83333
21.0139941 105.8306611
21.0139531 105.8304416
21.013993 105.830861
21.0144289 105.8308145
21.0151865 105.8311843
21.01509 105.8311175
21.0150989 105.8313627
21.0125429 105.8322904
21.0069626 105.8310859
21.0172329 105.8307596
21.0082547 105.8289091
21.0169397 105.8273422
21.0175884 105.8275492
21.0175042 105.8277404
21.0170513 105.8254488
21.0108175 105.830453
21.0104878 105.8302806
21.0100074 105.8301409
21.0105998 105.8300617
21.010799 105.8301818
21.0104221 105.8296438
21.0114334 105.8302162
21.0113994 105.8289661
21.0098291 105.8306222
21.0105134 105.8309013
21.0106903 105.8308714
21.0062064 105.8290067
21.0078938 105.8254885
21.0080588 105.8251371
21.007649 105.8253656
21.0081246 105.8249978
21.0112711 105.8227097
21.0115242 105.8224421
21.0108259 105.8222649
21.0113415 105.8227812
21.012014 105.8235863
21.010993 105.8232443
21.0112739 105.8235092
21.0063497 105.8222854
21.0066804 105.8225182
21.0064161 105.8227855
21.0071085 105.8217631
21.0060987 105.8227121
21.0078508 105.8231024
21.0098181 105.8218119
21.0111272 105.8268832
21.0114654 105.8270717
21.0132674 105.8260052
21.0128095 105.8258119
21.0144354 105.8268372
21.0154855 105.8288957
21.0159591 105.8296159
21.0164731 105.8294432
21.0161118 105.8290871
21.0167486 105.8252672
21.0168412 105.8253228
21.0154457 105.8252611
21.0143455 105.8281388
21.014194 105.8280598
21.0139626 105.8278551
21.0137735 105.8283153
21.0119929 105.8277776
21.0122667 105.8277501
21.0162311 105.831429
21.0161617 105.831604
21.0163177 105.8314515
21.0137505 105.8254104
21.0140585 105.8312659
21.0137378 105.8315823
21.0139697 105.831138
21.014488 105.8313034
21.0137247 105.8315924
21.0138201 105.8316655
21.0139261 105.831593
21.0059108 105.8247117
21.006925 105.8249212
21.016044 105.8329943
21.0168982 105.8321367
21.0079673 105.8307624
21.0080056 105.8306461
21.0077126 105.8313206
21.0090339 105.8262777
21.0096751 105.8249694
21.0097699 105.8247933
21.0099501 105.8248412
21.016995 105.8295456
21.0172156 105.8292347
21.0158889 105.8284423
21.0154248 105.8285102
21.0119678 105.8291366
21.011829 105.829043
21.0114754 105.8288151
21.011569 105.8286494
21.0163241 105.8307786
21.0069085 105.832178
21.0058434 105.8323519
21.0071152 105.8264859
21.0075095 105.8252947
21.0072466 105.8261874
21.0087068 105.8255563
21.0078099 105.8250139
21.0079839 105.8248137
21.0083584 105.8252879
21.0106969 105.8306615
21.0107496 105.8306831
21.0107692 105.8308268
21.0078188 105.8331924
21.0089878 105.8308969
21.0104124 105.8230021
21.0114652 105.8233581
21.0115492 105.8234425
21.0112744 105.823103
21.010582 105.8224855
21.0109961 105.8229526
21.0082158 105.8315998
21.0084971 105.8284741
21.0084995 105.828394
21.0081798 105.8292268
21.0064788 105.8308437
21.0075717 105.8255236
21.0084974 105.8260132
21.007629 105.8242244
21.0079519 105.8243857
21.0072826 105.8240513
21.0081796 105.8244995
21.0063872 105.8235877
21.0169877 105.8244622
21.0169735 105.8244541
21.0168803 105.8252499
21.0168716 105.8252662
21.0162834 105.8304146
21.016329 105.8305039
21.0160313 105.8271688
21.0155595 105.8318386
21.015424 105.8316725
21.0153029 105.8317459
21.0137089 105.8316248
21.0135835 105.8314075
21.0136934 105.8316029
21.0168059 105.8309125
21.0171407 105.8307408
21.0172186 105.8307775
21.0170193 105.8320198
21.0172221 105.8310576
21.0161235 105.8312139
21.0152009 105.8314461
21.0067417 105.8308296
21.0067133 105.831065
21.0066678 105.8310413
21.0065036 105.8309556
21.0064885 105.8309478
21.0064405 105.8309227
21.0065428 105.8313128
21.0065246 105.8313272
21.0063287 105.8311553
21.010641 105.8287246
21.0112344 105.8282023
21.0110046 105.8285742
21.0094771 105.8249681
21.0095638 105.8247976
21.0095996 105.8247219
21.0103369 105.8256203
21.0067589 105.8286394
21.0140685 105.8317489
21.008283 105.8223738
21.008569 105.826144
21.0086402 105.8265457
21.0086332 105.8260033
21.0088156 105.8261024
21.0087651 105.8261807
